{
 "metadata": {
  "language_info": {
   "codemirror_mode": {
    "name": "ipython",
    "version": 3
   },
   "file_extension": ".py",
   "mimetype": "text/x-python",
   "name": "python",
   "nbconvert_exporter": "python",
   "pygments_lexer": "ipython3",
   "version": "3.8.7"
  },
  "orig_nbformat": 2,
  "kernelspec": {
   "name": "python387jvsc74a57bd0bd9b9fa2e01573c04c615c80eb9deceb460a08e7f2fed43cdd24f3a908b6f3b1",
   "display_name": "Python 3.8.7 64-bit"
  },
  "metadata": {
   "interpreter": {
    "hash": "bd9b9fa2e01573c04c615c80eb9deceb460a08e7f2fed43cdd24f3a908b6f3b1"
   }
  }
 },
 "nbformat": 4,
 "nbformat_minor": 2,
 "cells": [
  {
   "cell_type": "code",
   "execution_count": 1,
   "metadata": {},
   "outputs": [],
   "source": [
    "import pandas as pd\n",
    "import numpy as np\n",
    "from scipy.stats.stats import pearsonr\n",
    "import seaborn as sn\n",
    "import matplotlib.pyplot as plt\n",
    "import plotly.express as px"
   ]
  },
  {
   "source": [
    "# Identify the stock most correlated with ICICI Bank&#39;s stockprice"
   ],
   "cell_type": "markdown",
   "metadata": {}
  },
  {
   "cell_type": "code",
   "execution_count": 2,
   "metadata": {},
   "outputs": [],
   "source": [
    "# ICICI Bank Security Code - 532174\n",
    "df = pd.read_csv('Output.csv')"
   ]
  },
  {
   "cell_type": "code",
   "execution_count": 3,
   "metadata": {},
   "outputs": [
    {
     "output_type": "execute_result",
     "data": {
      "text/plain": [
       "   Unnamed: 0  Security Code Security Id  \\\n",
       "0           0         500002         ABB   \n",
       "1           1         500003    AEGISLOG   \n",
       "2           2         500008  AMARAJABAT   \n",
       "3           3         500009   AMBALALSA   \n",
       "4           4         500010        HDFC   \n",
       "\n",
       "                           Security Name  Status Group  Face Value  \\\n",
       "0                      ABB India Limited  Active     A         2.0   \n",
       "1                   AEGIS LOGISTICS LTD.  Active     A         1.0   \n",
       "2              AMARA RAJA BATTERIES LTD.  Active     A         1.0   \n",
       "3      AMBALAL SARABHAI ENTERPRISES LTD.  Active     X        10.0   \n",
       "4  HOUSING DEVELOPMENT FINANCE CORP.LTD.  Active     A         2.0   \n",
       "\n",
       "        ISIN No                      Industry Instrument Close 2016  \\\n",
       "0  INE117A01022    Heavy Electrical Equipment     Equity   1,039.10   \n",
       "1  INE208C01025  Oil Marketing & Distribution     Equity     128.45   \n",
       "2  INE885A01032        Auto Parts & Equipment     Equity     871.60   \n",
       "3  INE432A01017               Pharmaceuticals     Equity       7.24   \n",
       "4  INE001A01036               Housing Finance     Equity   1,262.45   \n",
       "\n",
       "  Close 2017 Close 2018 Close 2019 Close 2020 Close 2021  \n",
       "0   1,399.50   1,332.00   1,284.10   1,212.15   1,313.05  \n",
       "1     286.35     204.20     193.50     251.80     258.25  \n",
       "2     840.55     742.75     724.50     925.15   1,002.10  \n",
       "3      10.36      13.24      15.69      20.25      23.80  \n",
       "4   1,710.40   1,970.00   2,413.45   2,558.60   2,653.40  "
      ],
      "text/html": "<div>\n<style scoped>\n    .dataframe tbody tr th:only-of-type {\n        vertical-align: middle;\n    }\n\n    .dataframe tbody tr th {\n        vertical-align: top;\n    }\n\n    .dataframe thead th {\n        text-align: right;\n    }\n</style>\n<table border=\"1\" class=\"dataframe\">\n  <thead>\n    <tr style=\"text-align: right;\">\n      <th></th>\n      <th>Unnamed: 0</th>\n      <th>Security Code</th>\n      <th>Security Id</th>\n      <th>Security Name</th>\n      <th>Status</th>\n      <th>Group</th>\n      <th>Face Value</th>\n      <th>ISIN No</th>\n      <th>Industry</th>\n      <th>Instrument</th>\n      <th>Close 2016</th>\n      <th>Close 2017</th>\n      <th>Close 2018</th>\n      <th>Close 2019</th>\n      <th>Close 2020</th>\n      <th>Close 2021</th>\n    </tr>\n  </thead>\n  <tbody>\n    <tr>\n      <th>0</th>\n      <td>0</td>\n      <td>500002</td>\n      <td>ABB</td>\n      <td>ABB India Limited</td>\n      <td>Active</td>\n      <td>A</td>\n      <td>2.0</td>\n      <td>INE117A01022</td>\n      <td>Heavy Electrical Equipment</td>\n      <td>Equity</td>\n      <td>1,039.10</td>\n      <td>1,399.50</td>\n      <td>1,332.00</td>\n      <td>1,284.10</td>\n      <td>1,212.15</td>\n      <td>1,313.05</td>\n    </tr>\n    <tr>\n      <th>1</th>\n      <td>1</td>\n      <td>500003</td>\n      <td>AEGISLOG</td>\n      <td>AEGIS LOGISTICS LTD.</td>\n      <td>Active</td>\n      <td>A</td>\n      <td>1.0</td>\n      <td>INE208C01025</td>\n      <td>Oil Marketing &amp; Distribution</td>\n      <td>Equity</td>\n      <td>128.45</td>\n      <td>286.35</td>\n      <td>204.20</td>\n      <td>193.50</td>\n      <td>251.80</td>\n      <td>258.25</td>\n    </tr>\n    <tr>\n      <th>2</th>\n      <td>2</td>\n      <td>500008</td>\n      <td>AMARAJABAT</td>\n      <td>AMARA RAJA BATTERIES LTD.</td>\n      <td>Active</td>\n      <td>A</td>\n      <td>1.0</td>\n      <td>INE885A01032</td>\n      <td>Auto Parts &amp; Equipment</td>\n      <td>Equity</td>\n      <td>871.60</td>\n      <td>840.55</td>\n      <td>742.75</td>\n      <td>724.50</td>\n      <td>925.15</td>\n      <td>1,002.10</td>\n    </tr>\n    <tr>\n      <th>3</th>\n      <td>3</td>\n      <td>500009</td>\n      <td>AMBALALSA</td>\n      <td>AMBALAL SARABHAI ENTERPRISES LTD.</td>\n      <td>Active</td>\n      <td>X</td>\n      <td>10.0</td>\n      <td>INE432A01017</td>\n      <td>Pharmaceuticals</td>\n      <td>Equity</td>\n      <td>7.24</td>\n      <td>10.36</td>\n      <td>13.24</td>\n      <td>15.69</td>\n      <td>20.25</td>\n      <td>23.80</td>\n    </tr>\n    <tr>\n      <th>4</th>\n      <td>4</td>\n      <td>500010</td>\n      <td>HDFC</td>\n      <td>HOUSING DEVELOPMENT FINANCE CORP.LTD.</td>\n      <td>Active</td>\n      <td>A</td>\n      <td>2.0</td>\n      <td>INE001A01036</td>\n      <td>Housing Finance</td>\n      <td>Equity</td>\n      <td>1,262.45</td>\n      <td>1,710.40</td>\n      <td>1,970.00</td>\n      <td>2,413.45</td>\n      <td>2,558.60</td>\n      <td>2,653.40</td>\n    </tr>\n  </tbody>\n</table>\n</div>"
     },
     "metadata": {},
     "execution_count": 3
    }
   ],
   "source": [
    "df.head()"
   ]
  },
  {
   "cell_type": "code",
   "execution_count": 4,
   "metadata": {},
   "outputs": [],
   "source": [
    "df['Close 2016'] = df['Close 2016'].str.replace(',', '').astype(float)\n",
    "df['Close 2017'] = df['Close 2017'].str.replace(',', '').astype(float)\n",
    "df['Close 2018'] = df['Close 2018'].str.replace(',', '').astype(float)\n",
    "df['Close 2019'] = df['Close 2019'].str.replace(',', '').astype(float)\n",
    "df['Close 2020'] = df['Close 2020'].str.replace(',', '').astype(float)\n",
    "df['Close 2021'] = df['Close 2021'].str.replace(',', '').astype(float)\n",
    "\n",
    "df['Close 2016'] = df['Close 2016'].astype(str)\n",
    "df['Close 2017'] = df['Close 2017'].astype(str)\n",
    "df['Close 2018'] = df['Close 2018'].astype(str)\n",
    "df['Close 2019'] = df['Close 2019'].astype(str)\n",
    "df['Close 2020'] = df['Close 2020'].astype(str)\n",
    "df['Close 2021'] = df['Close 2021'].astype(str)"
   ]
  },
  {
   "cell_type": "code",
   "execution_count": 5,
   "metadata": {},
   "outputs": [],
   "source": [
    "df['Close'] = df['Close 2016'] + ',' + df['Close 2017'] + ',' + df['Close 2018'] + ',' + df['Close 2019'] + ',' + df['Close 2020'] + ',' + df['Close 2021']"
   ]
  },
  {
   "cell_type": "code",
   "execution_count": 6,
   "metadata": {},
   "outputs": [
    {
     "output_type": "execute_result",
     "data": {
      "text/plain": [
       "   Unnamed: 0  Security Code Security Id  \\\n",
       "0           0         500002         ABB   \n",
       "1           1         500003    AEGISLOG   \n",
       "2           2         500008  AMARAJABAT   \n",
       "3           3         500009   AMBALALSA   \n",
       "4           4         500010        HDFC   \n",
       "\n",
       "                           Security Name  Status Group  Face Value  \\\n",
       "0                      ABB India Limited  Active     A         2.0   \n",
       "1                   AEGIS LOGISTICS LTD.  Active     A         1.0   \n",
       "2              AMARA RAJA BATTERIES LTD.  Active     A         1.0   \n",
       "3      AMBALAL SARABHAI ENTERPRISES LTD.  Active     X        10.0   \n",
       "4  HOUSING DEVELOPMENT FINANCE CORP.LTD.  Active     A         2.0   \n",
       "\n",
       "        ISIN No                      Industry Instrument Close 2016  \\\n",
       "0  INE117A01022    Heavy Electrical Equipment     Equity     1039.1   \n",
       "1  INE208C01025  Oil Marketing & Distribution     Equity     128.45   \n",
       "2  INE885A01032        Auto Parts & Equipment     Equity      871.6   \n",
       "3  INE432A01017               Pharmaceuticals     Equity       7.24   \n",
       "4  INE001A01036               Housing Finance     Equity    1262.45   \n",
       "\n",
       "  Close 2017 Close 2018 Close 2019 Close 2020 Close 2021  \\\n",
       "0     1399.5     1332.0     1284.1    1212.15    1313.05   \n",
       "1     286.35      204.2      193.5      251.8     258.25   \n",
       "2     840.55     742.75      724.5     925.15     1002.1   \n",
       "3      10.36      13.24      15.69      20.25       23.8   \n",
       "4     1710.4     1970.0    2413.45     2558.6     2653.4   \n",
       "\n",
       "                                         Close  \n",
       "0  1039.1,1399.5,1332.0,1284.1,1212.15,1313.05  \n",
       "1       128.45,286.35,204.2,193.5,251.8,258.25  \n",
       "2      871.6,840.55,742.75,724.5,925.15,1002.1  \n",
       "3            7.24,10.36,13.24,15.69,20.25,23.8  \n",
       "4  1262.45,1710.4,1970.0,2413.45,2558.6,2653.4  "
      ],
      "text/html": "<div>\n<style scoped>\n    .dataframe tbody tr th:only-of-type {\n        vertical-align: middle;\n    }\n\n    .dataframe tbody tr th {\n        vertical-align: top;\n    }\n\n    .dataframe thead th {\n        text-align: right;\n    }\n</style>\n<table border=\"1\" class=\"dataframe\">\n  <thead>\n    <tr style=\"text-align: right;\">\n      <th></th>\n      <th>Unnamed: 0</th>\n      <th>Security Code</th>\n      <th>Security Id</th>\n      <th>Security Name</th>\n      <th>Status</th>\n      <th>Group</th>\n      <th>Face Value</th>\n      <th>ISIN No</th>\n      <th>Industry</th>\n      <th>Instrument</th>\n      <th>Close 2016</th>\n      <th>Close 2017</th>\n      <th>Close 2018</th>\n      <th>Close 2019</th>\n      <th>Close 2020</th>\n      <th>Close 2021</th>\n      <th>Close</th>\n    </tr>\n  </thead>\n  <tbody>\n    <tr>\n      <th>0</th>\n      <td>0</td>\n      <td>500002</td>\n      <td>ABB</td>\n      <td>ABB India Limited</td>\n      <td>Active</td>\n      <td>A</td>\n      <td>2.0</td>\n      <td>INE117A01022</td>\n      <td>Heavy Electrical Equipment</td>\n      <td>Equity</td>\n      <td>1039.1</td>\n      <td>1399.5</td>\n      <td>1332.0</td>\n      <td>1284.1</td>\n      <td>1212.15</td>\n      <td>1313.05</td>\n      <td>1039.1,1399.5,1332.0,1284.1,1212.15,1313.05</td>\n    </tr>\n    <tr>\n      <th>1</th>\n      <td>1</td>\n      <td>500003</td>\n      <td>AEGISLOG</td>\n      <td>AEGIS LOGISTICS LTD.</td>\n      <td>Active</td>\n      <td>A</td>\n      <td>1.0</td>\n      <td>INE208C01025</td>\n      <td>Oil Marketing &amp; Distribution</td>\n      <td>Equity</td>\n      <td>128.45</td>\n      <td>286.35</td>\n      <td>204.2</td>\n      <td>193.5</td>\n      <td>251.8</td>\n      <td>258.25</td>\n      <td>128.45,286.35,204.2,193.5,251.8,258.25</td>\n    </tr>\n    <tr>\n      <th>2</th>\n      <td>2</td>\n      <td>500008</td>\n      <td>AMARAJABAT</td>\n      <td>AMARA RAJA BATTERIES LTD.</td>\n      <td>Active</td>\n      <td>A</td>\n      <td>1.0</td>\n      <td>INE885A01032</td>\n      <td>Auto Parts &amp; Equipment</td>\n      <td>Equity</td>\n      <td>871.6</td>\n      <td>840.55</td>\n      <td>742.75</td>\n      <td>724.5</td>\n      <td>925.15</td>\n      <td>1002.1</td>\n      <td>871.6,840.55,742.75,724.5,925.15,1002.1</td>\n    </tr>\n    <tr>\n      <th>3</th>\n      <td>3</td>\n      <td>500009</td>\n      <td>AMBALALSA</td>\n      <td>AMBALAL SARABHAI ENTERPRISES LTD.</td>\n      <td>Active</td>\n      <td>X</td>\n      <td>10.0</td>\n      <td>INE432A01017</td>\n      <td>Pharmaceuticals</td>\n      <td>Equity</td>\n      <td>7.24</td>\n      <td>10.36</td>\n      <td>13.24</td>\n      <td>15.69</td>\n      <td>20.25</td>\n      <td>23.8</td>\n      <td>7.24,10.36,13.24,15.69,20.25,23.8</td>\n    </tr>\n    <tr>\n      <th>4</th>\n      <td>4</td>\n      <td>500010</td>\n      <td>HDFC</td>\n      <td>HOUSING DEVELOPMENT FINANCE CORP.LTD.</td>\n      <td>Active</td>\n      <td>A</td>\n      <td>2.0</td>\n      <td>INE001A01036</td>\n      <td>Housing Finance</td>\n      <td>Equity</td>\n      <td>1262.45</td>\n      <td>1710.4</td>\n      <td>1970.0</td>\n      <td>2413.45</td>\n      <td>2558.6</td>\n      <td>2653.4</td>\n      <td>1262.45,1710.4,1970.0,2413.45,2558.6,2653.4</td>\n    </tr>\n  </tbody>\n</table>\n</div>"
     },
     "metadata": {},
     "execution_count": 6
    }
   ],
   "source": [
    "df.head()"
   ]
  },
  {
   "cell_type": "code",
   "execution_count": 7,
   "metadata": {},
   "outputs": [
    {
     "output_type": "stream",
     "name": "stderr",
     "text": [
      "C:\\Users\\DELL\\AppData\\Local\\Programs\\Python\\Python38\\lib\\site-packages\\scipy\\stats\\stats.py:3913: PearsonRConstantInputWarning: An input array is constant; the correlation coefficent is not defined.\n  warnings.warn(PearsonRConstantInputWarning())\n"
     ]
    },
    {
     "output_type": "execute_result",
     "data": {
      "text/plain": [
       "0       0.258093\n",
       "1       0.383551\n",
       "2       0.234146\n",
       "3       0.908297\n",
       "4       0.975511\n",
       "          ...   \n",
       "4163         NaN\n",
       "4164         NaN\n",
       "4165         NaN\n",
       "4166         NaN\n",
       "4167         NaN\n",
       "Name: Correlation, Length: 4168, dtype: float64"
      ]
     },
     "metadata": {},
     "execution_count": 7
    }
   ],
   "source": [
    "\n",
    "icici_stockprice = df[df['Security Code'] == 532174]['Close'].tolist()[0].split(',')\n",
    "icici_stockprice = [float(x) for x in icici_stockprice]\n",
    "correlation = []\n",
    "close = df['Close'].tolist()\n",
    "for i in range(len(close)):\n",
    "    value = close[i].split(',')\n",
    "    close[i] = [float(x) for x in value]\n",
    "    if np.isnan(np.sum(close[i])):\n",
    "        correlation.append(np.nan)\n",
    "    else:\n",
    "        correlation.append(pearsonr(icici_stockprice, close[i])[0])\n",
    "df['Correlation'] = correlation\n",
    "# # correlation\n",
    "df[\"Correlation\"]"
   ]
  },
  {
   "cell_type": "code",
   "execution_count": 8,
   "metadata": {},
   "outputs": [
    {
     "output_type": "execute_result",
     "data": {
      "text/plain": [
       "      Unnamed: 0  Security Code Security Id                  Security Name  \\\n",
       "2353        2353         532174   ICICIBANK                ICICI BANK LTD.   \n",
       "1728        1728         526807   SEAMECLTD                    SEAMEC LTD.   \n",
       "3209        3209         539097         HKG                        HKG Ltd   \n",
       "2028        2028         531179    ARMANFIN  ARMAN FINANCIAL SERVICES LTD.   \n",
       "1158        1158         517264    FINELINE        FINE-LINE CIRCUITS LTD.   \n",
       "\n",
       "      Status Group  Face Value       ISIN No                      Industry  \\\n",
       "2353  Active     A         2.0  INE090A01021                         Banks   \n",
       "1728  Active     B        10.0  INE497B01018                      Shipping   \n",
       "3209  Active     M         2.0  INE904R01027  Comm.Trading  & Distribution   \n",
       "2028  Active     A        10.0  INE109C01017     Finance (including NBFCs)   \n",
       "1158  Active     X        10.0  INE087E01011         Electronic Components   \n",
       "\n",
       "     Instrument Close 2016 Close 2017 Close 2018 Close 2019 Close 2020  \\\n",
       "2353     Equity      255.3      314.0      360.0     538.75      534.8   \n",
       "1728     Equity       80.7      182.1      201.0      465.6      448.5   \n",
       "3209     Equity        5.9        8.0       18.6       42.4       40.0   \n",
       "2028     Equity     179.35     256.65      405.0      633.0      736.2   \n",
       "1158     Equity      11.66      15.37       17.7       27.5       25.0   \n",
       "\n",
       "     Close 2021                                  Close  Correlation  \n",
       "2353      542.1   255.3,314.0,360.0,538.75,534.8,542.1     1.000000  \n",
       "1728      480.4     80.7,182.1,201.0,465.6,448.5,480.4     0.996151  \n",
       "3209       42.8            5.9,8.0,18.6,42.4,40.0,42.8     0.993245  \n",
       "2028      714.2  179.35,256.65,405.0,633.0,736.2,714.2     0.985292  \n",
       "1158      24.45       11.66,15.37,17.7,27.5,25.0,24.45     0.984190  "
      ],
      "text/html": "<div>\n<style scoped>\n    .dataframe tbody tr th:only-of-type {\n        vertical-align: middle;\n    }\n\n    .dataframe tbody tr th {\n        vertical-align: top;\n    }\n\n    .dataframe thead th {\n        text-align: right;\n    }\n</style>\n<table border=\"1\" class=\"dataframe\">\n  <thead>\n    <tr style=\"text-align: right;\">\n      <th></th>\n      <th>Unnamed: 0</th>\n      <th>Security Code</th>\n      <th>Security Id</th>\n      <th>Security Name</th>\n      <th>Status</th>\n      <th>Group</th>\n      <th>Face Value</th>\n      <th>ISIN No</th>\n      <th>Industry</th>\n      <th>Instrument</th>\n      <th>Close 2016</th>\n      <th>Close 2017</th>\n      <th>Close 2018</th>\n      <th>Close 2019</th>\n      <th>Close 2020</th>\n      <th>Close 2021</th>\n      <th>Close</th>\n      <th>Correlation</th>\n    </tr>\n  </thead>\n  <tbody>\n    <tr>\n      <th>2353</th>\n      <td>2353</td>\n      <td>532174</td>\n      <td>ICICIBANK</td>\n      <td>ICICI BANK LTD.</td>\n      <td>Active</td>\n      <td>A</td>\n      <td>2.0</td>\n      <td>INE090A01021</td>\n      <td>Banks</td>\n      <td>Equity</td>\n      <td>255.3</td>\n      <td>314.0</td>\n      <td>360.0</td>\n      <td>538.75</td>\n      <td>534.8</td>\n      <td>542.1</td>\n      <td>255.3,314.0,360.0,538.75,534.8,542.1</td>\n      <td>1.000000</td>\n    </tr>\n    <tr>\n      <th>1728</th>\n      <td>1728</td>\n      <td>526807</td>\n      <td>SEAMECLTD</td>\n      <td>SEAMEC LTD.</td>\n      <td>Active</td>\n      <td>B</td>\n      <td>10.0</td>\n      <td>INE497B01018</td>\n      <td>Shipping</td>\n      <td>Equity</td>\n      <td>80.7</td>\n      <td>182.1</td>\n      <td>201.0</td>\n      <td>465.6</td>\n      <td>448.5</td>\n      <td>480.4</td>\n      <td>80.7,182.1,201.0,465.6,448.5,480.4</td>\n      <td>0.996151</td>\n    </tr>\n    <tr>\n      <th>3209</th>\n      <td>3209</td>\n      <td>539097</td>\n      <td>HKG</td>\n      <td>HKG Ltd</td>\n      <td>Active</td>\n      <td>M</td>\n      <td>2.0</td>\n      <td>INE904R01027</td>\n      <td>Comm.Trading  &amp; Distribution</td>\n      <td>Equity</td>\n      <td>5.9</td>\n      <td>8.0</td>\n      <td>18.6</td>\n      <td>42.4</td>\n      <td>40.0</td>\n      <td>42.8</td>\n      <td>5.9,8.0,18.6,42.4,40.0,42.8</td>\n      <td>0.993245</td>\n    </tr>\n    <tr>\n      <th>2028</th>\n      <td>2028</td>\n      <td>531179</td>\n      <td>ARMANFIN</td>\n      <td>ARMAN FINANCIAL SERVICES LTD.</td>\n      <td>Active</td>\n      <td>A</td>\n      <td>10.0</td>\n      <td>INE109C01017</td>\n      <td>Finance (including NBFCs)</td>\n      <td>Equity</td>\n      <td>179.35</td>\n      <td>256.65</td>\n      <td>405.0</td>\n      <td>633.0</td>\n      <td>736.2</td>\n      <td>714.2</td>\n      <td>179.35,256.65,405.0,633.0,736.2,714.2</td>\n      <td>0.985292</td>\n    </tr>\n    <tr>\n      <th>1158</th>\n      <td>1158</td>\n      <td>517264</td>\n      <td>FINELINE</td>\n      <td>FINE-LINE CIRCUITS LTD.</td>\n      <td>Active</td>\n      <td>X</td>\n      <td>10.0</td>\n      <td>INE087E01011</td>\n      <td>Electronic Components</td>\n      <td>Equity</td>\n      <td>11.66</td>\n      <td>15.37</td>\n      <td>17.7</td>\n      <td>27.5</td>\n      <td>25.0</td>\n      <td>24.45</td>\n      <td>11.66,15.37,17.7,27.5,25.0,24.45</td>\n      <td>0.984190</td>\n    </tr>\n  </tbody>\n</table>\n</div>"
     },
     "metadata": {},
     "execution_count": 8
    }
   ],
   "source": [
    "icici_corr = df.sort_values(by=\"Correlation\",ascending=False)\n",
    "icici_corr.head()"
   ]
  },
  {
   "source": [
    "# Draw a correlation matrix of any 30 stocks on the Sensex. This is a matrix with both axes holding the stock names. The colour of each cell is the correlation between that pair of stocks: red for -1 and green for 1."
   ],
   "cell_type": "markdown",
   "metadata": {}
  },
  {
   "cell_type": "code",
   "execution_count": 9,
   "metadata": {},
   "outputs": [
    {
     "output_type": "display_data",
     "data": {
      "application/vnd.plotly.v1+json": {
       "config": {
        "plotlyServerURL": "https://plot.ly"
       },
       "data": [
        {
         "coloraxis": "coloraxis",
         "hovertemplate": "x: %{x}<br>y: %{y}<br>color: %{z}<extra></extra>",
         "name": "0",
         "type": "heatmap",
         "x": [
          "500002",
          "500003",
          "500008",
          "500009",
          "500010",
          "500012",
          "500013",
          "500014",
          "500020",
          "500023",
          "500027",
          "500028",
          "500029",
          "500031",
          "500032",
          "500033",
          "500034",
          "500038",
          "500039",
          "500040",
          "500041",
          "500042",
          "500043",
          "500048",
          "500049",
          "500052",
          "500055",
          "500060",
          "500067",
          "500068"
         ],
         "xaxis": "x",
         "y": [
          "500002",
          "500003",
          "500008",
          "500009",
          "500010",
          "500012",
          "500013",
          "500014",
          "500020",
          "500023",
          "500027",
          "500028",
          "500029",
          "500031",
          "500032",
          "500033",
          "500034",
          "500038",
          "500039",
          "500040",
          "500041",
          "500042",
          "500043",
          "500048",
          "500049",
          "500052",
          "500055",
          "500060",
          "500067",
          "500068"
         ],
         "yaxis": "y",
         "z": [
          [
           1,
           0.7878197788868867,
           -0.18517669048301494,
           0.3017989403831779,
           0.39804382215808426,
           0.8668252867953671,
           0.3025279808621762,
           0.26161657932881666,
           0.6996881034691012,
           0.5164755324309227,
           0.1909724803644405,
           0.5434057709487838,
           0.13942752867303967,
           0.605394321168225,
           -0.11923921355668798,
           -0.2645852516074379,
           0.2614400040908847,
           0.029406875347033873,
           0.2288066180087678,
           0.35587749021360676,
           0.041585509055651976,
           0.622439789079932,
           0.3480413980777074,
           0.46372417410469496,
           -0.8548297325505165,
           0.6865763958286486,
           0.4623431380034911,
           0.4239781710014164,
           0.6849941153439086,
           0.6587266739304785
          ],
          [
           0.7878197788868867,
           1,
           0.35069413845142405,
           0.5212528005589974,
           0.5178655570274665,
           0.901618163395694,
           0.4536013868134072,
           0.4560043188509267,
           0.6554932989333871,
           0.2075606765956883,
           0.5110907091160674,
           0.527441011671774,
           0.10171887777197319,
           0.835946943473772,
           -0.12766052622800064,
           -0.17645463227685815,
           0.4587189149354306,
           0.27668194203079427,
           0.265020603077635,
           0.19406328370256903,
           0.16681178136296548,
           0.8447196016275303,
           0.3583383744654912,
           0.5391816413321125,
           -0.7540778476295324,
           0.9741698425546421,
           0.6112257700371897,
           0.012937404379263,
           0.7863307171548006,
           0.3628836531288029
          ],
          [
           -0.18517669048301494,
           0.35069413845142405,
           1,
           0.5213940112308912,
           0.2720879060996554,
           0.23168598743190258,
           0.17407114349944086,
           0.37438724275368485,
           -0.1395621937036824,
           -0.5195426770833353,
           0.5976077254523762,
           0.09712276997460934,
           -0.13481536531885,
           0.5144823204962583,
           -0.0726767396178182,
           0.04975999916091293,
           0.34311806323151345,
           0.32467491372793206,
           0.002583993623203757,
           -0.30899788907678083,
           0.16523019793096955,
           0.397129658805454,
           0.079886677375798,
           0.007213224988971996,
           0.12082470683866167,
           0.49358274877113234,
           0.22958040620792738,
           -0.4739966401528486,
           0.1144326338405349,
           -0.560257041937994
          ],
          [
           0.3017989403831779,
           0.5212528005589974,
           0.5213940112308912,
           1,
           0.9538730632127986,
           0.4699162893690724,
           -0.44192365683760504,
           -0.31035679514629405,
           -0.2856351160780448,
           -0.6344773726149509,
           0.9807932330210262,
           -0.28551755021816994,
           -0.7570847519991645,
           0.8174385451378723,
           -0.8312171496702251,
           -0.7992682221306645,
           0.955911420654166,
           0.6923934904617441,
           -0.610052212424925,
           -0.7083469748694069,
           -0.6193607317693404,
           0.140940259730099,
           0.8732777937429773,
           -0.3726810213613148,
           -0.6338437411683527,
           0.4646331833608841,
           -0.27369635176857643,
           -0.03315634854694476,
           0.6480318613063609,
           -0.5004072655111398
          ],
          [
           0.39804382215808426,
           0.5178655570274665,
           0.2720879060996554,
           0.9538730632127986,
           1,
           0.43804491036688675,
           -0.5201651167284652,
           -0.4435206517702549,
           -0.23207880544577883,
           -0.5567006676246472,
           0.9196918752066524,
           -0.37400959535877504,
           -0.7954639750599612,
           0.7443636142787099,
           -0.8959184518297492,
           -0.8929571537596148,
           0.9865729663518072,
           0.7534521795837236,
           -0.680240174147203,
           -0.6917888399115285,
           -0.7338057150533975,
           0.04535632038053517,
           0.9706883678048672,
           -0.3506412116211378,
           -0.7632864590071223,
           0.39989603163257414,
           -0.34601854945837063,
           0.012415612367055698,
           0.7670585430706978,
           -0.36184537904604336
          ],
          [
           0.8668252867953671,
           0.901618163395694,
           0.23168598743190258,
           0.4699162893690724,
           0.43804491036688675,
           1,
           0.41230800059141504,
           0.39734058930208266,
           0.6159441147684486,
           0.3564861516047775,
           0.42131864184248563,
           0.6637864875422295,
           0.1357584684752312,
           0.8617892802904296,
           -0.13563017137499703,
           -0.22182285714380107,
           0.3466129974550649,
           -0.03425757281147104,
           0.3176650025480245,
           0.27427555902335427,
           0.15785799275564374,
           0.8493656636830057,
           0.2840195612077948,
           0.3879628754774872,
           -0.7734613829128999,
           0.8907458157780138,
           0.5567923519954218,
           0.4033428419623926,
           0.5714956469279265,
           0.4231676592494469
          ],
          [
           0.3025279808621762,
           0.4536013868134072,
           0.17407114349944086,
           -0.44192365683760504,
           -0.5201651167284652,
           0.41230800059141504,
           1,
           0.9493507757918388,
           0.8534759834605425,
           0.7074161079215256,
           -0.4049982793680643,
           0.8917136888239889,
           0.9130688931728376,
           0.06635705903505282,
           0.8136301992205895,
           0.7812548770876466,
           -0.5519454159101911,
           -0.459983875130258,
           0.9599661297809091,
           0.8675099598680076,
           0.9490602135084492,
           0.797440369427575,
           -0.6627950479842032,
           0.8962861295431255,
           0.10306806903939243,
           0.5678224768155867,
           0.9754469916697536,
           -0.0945454995439412,
           -0.024972025074994405,
           0.6539846057351415
          ],
          [
           0.26161657932881666,
           0.4560043188509267,
           0.37438724275368485,
           -0.31035679514629405,
           -0.4435206517702549,
           0.39734058930208266,
           0.9493507757918388,
           1,
           0.7598541104033042,
           0.5404357413818982,
           -0.29336229176578715,
           0.838950871049023,
           0.820729486581855,
           0.10808950447020076,
           0.7787532007855466,
           0.7637718960807878,
           -0.47606851504897224,
           -0.31701080655984076,
           0.8656448114340903,
           0.7415598316323516,
           0.9224443230609033,
           0.7721697978910049,
           -0.6000931840183732,
           0.8609018520197589,
           0.16215488587975224,
           0.587279928335647,
           0.9575432810858001,
           -0.24741150165685716,
           0.012470388684944912,
           0.485753124362911
          ],
          [
           0.6996881034691012,
           0.6554932989333871,
           -0.1395621937036824,
           -0.2856351160780448,
           -0.23207880544577883,
           0.6159441147684486,
           0.8534759834605425,
           0.7598541104033042,
           1,
           0.8235650229180215,
           -0.313726273163619,
           0.837061995614637,
           0.756336150661971,
           0.20158070493411545,
           0.5657024204545842,
           0.46029765399000167,
           -0.323464195769537,
           -0.2831358057732289,
           0.793566543652264,
           0.8453126542889906,
           0.6857185817028674,
           0.7836579611631007,
           -0.31855303720643785,
           0.9312511435641959,
           -0.33885397475105905,
           0.6548814044475011,
           0.9022352377849486,
           0.08780587787153446,
           0.35269797045574147,
           0.8921065258957762
          ],
          [
           0.5164755324309227,
           0.2075606765956883,
           -0.5195426770833353,
           -0.6344773726149509,
           -0.5567006676246472,
           0.3564861516047775,
           0.7074161079215256,
           0.5404357413818982,
           0.8235650229180215,
           1,
           -0.6844053053286658,
           0.7904876504789541,
           0.8338887872288336,
           -0.15090338114676496,
           0.6654483271899284,
           0.5311945131773428,
           -0.6575633209312584,
           -0.706444849113374,
           0.8130291242562728,
           0.9496281697158507,
           0.6560068416786995,
           0.4847252594631402,
           -0.5627535310293426,
           0.6853438858995383,
           -0.10747058630430836,
           0.21076545852045056,
           0.6708237778563857,
           0.4537951087449759,
           -0.10837931400453048,
           0.9531269601610773
          ],
          [
           0.1909724803644405,
           0.5110907091160674,
           0.5976077254523762,
           0.9807932330210262,
           0.9196918752066524,
           0.42131864184248563,
           -0.4049982793680643,
           -0.29336229176578715,
           -0.313726273163619,
           -0.6844053053286658,
           1,
           -0.30324120519514514,
           -0.737841587621072,
           0.8125798901438795,
           -0.8051481818634629,
           -0.7456742789293229,
           0.9499961641359155,
           0.6911295387429668,
           -0.578741206212028,
           -0.7240636964307794,
           -0.5755588092334932,
           0.16072641463331339,
           0.8202706567177398,
           -0.3748298052577652,
           -0.561412045356775,
           0.4762666393031314,
           -0.2608703440927623,
           -0.10648065538489078,
           0.6010582570104789,
           -0.5605879096235243
          ],
          [
           0.5434057709487838,
           0.527441011671774,
           0.09712276997460934,
           -0.28551755021816994,
           -0.37400959535877504,
           0.6637864875422295,
           0.8917136888239889,
           0.838950871049023,
           0.837061995614637,
           0.7904876504789541,
           -0.30324120519514514,
           1,
           0.8102639091453158,
           0.2810798913987183,
           0.6313761077260692,
           0.550533486142011,
           -0.4522143101508536,
           -0.606931986402238,
           0.9026862122108291,
           0.8469687752465321,
           0.8090098970456838,
           0.864632015185339,
           -0.5207281276580287,
           0.7333173790536499,
           -0.1324153197111082,
           0.6244528893215736,
           0.9030535207996467,
           0.3094309195882579,
           -0.02102963688171099,
           0.7030422098375213
          ],
          [
           0.13942752867303967,
           0.10171887777197319,
           -0.13481536531885,
           -0.7570847519991645,
           -0.7954639750599612,
           0.1357584684752312,
           0.9130688931728376,
           0.820729486581855,
           0.756336150661971,
           0.8338887872288336,
           -0.737841587621072,
           0.8102639091453158,
           1,
           -0.2925911185695485,
           0.9481680737277082,
           0.896870762976195,
           -0.8327325255169544,
           -0.6876727002656076,
           0.9722787984737504,
           0.9629326554253588,
           0.9537194215207703,
           0.5273863219613487,
           -0.8609209517523958,
           0.7988895853603083,
           0.3219830677991306,
           0.20685034146776352,
           0.8272988905639534,
           0.02992112631540398,
           -0.31679314979170875,
           0.7255503759077521
          ],
          [
           0.605394321168225,
           0.835946943473772,
           0.5144823204962583,
           0.8174385451378723,
           0.7443636142787099,
           0.8617892802904296,
           0.06635705903505282,
           0.10808950447020076,
           0.20158070493411545,
           -0.15090338114676496,
           0.8125798901438795,
           0.2810798913987183,
           -0.2925911185695485,
           1,
           -0.5039964966132743,
           -0.5158613075077939,
           0.7134684617384681,
           0.2991676058765588,
           -0.0779405541334163,
           -0.2122593383576233,
           -0.1779926174592327,
           0.6519192020545976,
           0.5782958434419169,
           0.02169903498203824,
           -0.7543695783207643,
           0.828927454826068,
           0.22175435537188481,
           0.21729005260720066,
           0.6253920905292096,
           -0.06471252478610856
          ],
          [
           -0.11923921355668798,
           -0.12766052622800064,
           -0.0726767396178182,
           -0.8312171496702251,
           -0.8959184518297492,
           -0.13563017137499703,
           0.8136301992205895,
           0.7787532007855466,
           0.5657024204545842,
           0.6654483271899284,
           -0.8051481818634629,
           0.6313761077260692,
           0.9481680737277082,
           -0.5039964966132743,
           1,
           0.9832281401337233,
           -0.9073532029614555,
           -0.615401304816945,
           0.8720871553029816,
           0.8493851177433709,
           0.936245412141599,
           0.312546453240999,
           -0.9339990132717877,
           0.7077214298104053,
           0.5778793752328626,
           -0.0037290878789344216,
           0.7036300158102909,
           -0.17745731569206713,
           -0.45723712601699495,
           0.5353359175351873
          ],
          [
           -0.2645852516074379,
           -0.17645463227685815,
           0.04975999916091293,
           -0.7992682221306645,
           -0.8929571537596148,
           -0.22182285714380107,
           0.7812548770876466,
           0.7637718960807878,
           0.46029765399000167,
           0.5311945131773428,
           -0.7456742789293229,
           0.550533486142011,
           0.896870762976195,
           -0.5158613075077939,
           0.9832281401337233,
           1,
           -0.8760214032136949,
           -0.5569222618077918,
           0.8257507561412682,
           0.754367700580011,
           0.9266570236363721,
           0.27206341752868873,
           -0.9438629868670303,
           0.6465929626161037,
           0.6771935776625837,
           -0.03065498619275874,
           0.6574144039891602,
           -0.2926530124917968,
           -0.5046493814913301,
           0.38983945017981164
          ],
          [
           0.2614400040908847,
           0.4587189149354306,
           0.34311806323151345,
           0.955911420654166,
           0.9865729663518072,
           0.3466129974550649,
           -0.5519454159101911,
           -0.47606851504897224,
           -0.323464195769537,
           -0.6575633209312584,
           0.9499961641359155,
           -0.4522143101508536,
           -0.8327325255169544,
           0.7134684617384681,
           -0.9073532029614555,
           -0.8760214032136949,
           1,
           0.7859460403916187,
           -0.7159109048816918,
           -0.7641335398777328,
           -0.7454611279830416,
           -0.003478815194060648,
           0.9513468277829347,
           -0.4088445956622659,
           -0.6741950436931989,
           0.3566888396460765,
           -0.3973946224805559,
           -0.07136687712848906,
           0.7115382803312754,
           -0.472724734385736
          ],
          [
           0.029406875347033873,
           0.27668194203079427,
           0.32467491372793206,
           0.6923934904617441,
           0.7534521795837236,
           -0.03425757281147104,
           -0.459983875130258,
           -0.31701080655984076,
           -0.2831358057732289,
           -0.706444849113374,
           0.6911295387429668,
           -0.606931986402238,
           -0.6876727002656076,
           0.2991676058765588,
           -0.615401304816945,
           -0.5569222618077918,
           0.7859460403916187,
           1,
           -0.6855490599323443,
           -0.6982364473565246,
           -0.581891520440714,
           -0.20676170169562852,
